,loss,duration_loss,pitch_loss,step_loss,val_loss,val_duration_loss,val_pitch_loss,val_step_loss
0,3.143420457839966,0.0004859978216700256,6.234136581420898,0.012868684716522694,2.5880298614501953,0.00026844869717024267,5.148897647857666,0.013315081596374512
1,2.588538646697998,0.0002991850778926164,5.150956630706787,0.012755703181028366,2.5880308151245117,0.00026844473904930055,5.148907661437988,0.01331489346921444
2,2.588538408279419,0.0002991855435539037,5.150954246520996,0.01275570783764124,2.5880308151245117,0.00026844380772672594,5.148906230926514,0.013314892537891865
3,2.588538408279419,0.00029918557265773416,5.15095329284668,0.01275570411235094,2.5880286693573,0.0002684450591914356,5.148899555206299,0.013314878568053246
4,2.5885396003723145,0.0002991852234117687,5.150954246520996,0.01275570411235094,2.5880286693573,0.0002684446226339787,5.148900032043457,0.013314876705408096
5,2.588538885116577,0.0002991853398270905,5.150953769683838,0.01275570411235094,2.5880281925201416,0.0002684449718799442,5.14890193939209,0.013314878568053246
6,2.588538646697998,0.0002991851943079382,5.150953769683838,0.012755706906318665,2.588026285171509,0.00026844500098377466,5.148899555206299,0.013314874842762947
7,2.5885393619537354,0.0002991853398270905,5.150953769683838,0.012755706906318665,2.5880258083343506,0.00026844514650292695,5.148899555206299,0.013314874842762947
8,2.5885393619537354,0.00029918531072326005,5.150954723358154,0.012755705043673515,2.588026285171509,0.00026844500098377466,5.148899555206299,0.013314872980117798
9,2.588538646697998,0.0002991853980347514,5.150957107543945,0.01275570411235094,2.5880308151245117,0.00026844508829526603,5.148906230926514,0.013314883224666119
10,2.588538646697998,0.00029918516520410776,5.150954246520996,0.012755709700286388,2.5880286693573,0.00026844453532248735,5.148900032043457,0.013314883224666119
11,2.5885391235351562,0.00029918525251559913,5.150956153869629,0.01275570411235094,2.5880258083343506,0.00026844488456845284,5.148899078369141,0.013314884155988693
12,2.5885393619537354,0.0002991854853462428,5.150954723358154,0.012755706906318665,2.588024854660034,0.0002684453793335706,5.1488938331604,0.01331489346921444
13,2.5885396003723145,0.0002991852816194296,5.1509552001953125,0.01275570783764124,2.5880258083343506,0.0002684449718799442,5.148894786834717,0.013314871117472649
14,2.5885396003723145,0.0002991853398270905,5.150955677032471,0.012755703181028366,2.588026285171509,0.00026844514650292695,5.148899555206299,0.013314871117472649
15,2.5885398387908936,0.00029918545624241233,5.1509552001953125,0.012755706906318665,2.588026762008667,0.0002684451173990965,5.148898124694824,0.01331489346921444
16,2.5885398387908936,0.00029918504878878593,5.150956630706787,0.01275570783764124,2.588026285171509,0.0002684450591914356,5.148897171020508,0.01331489346921444
17,2.588538646697998,0.00029918542713858187,5.150955677032471,0.012755706906318665,2.588026285171509,0.00026844453532248735,5.14889669418335,0.01331490557640791
18,2.588538885116577,0.0002991856017615646,5.15095853805542,0.012755708768963814,2.588026523590088,0.00026844500098377466,5.148897647857666,0.01331489160656929
19,2.588538646697998,0.0002991851943079382,5.15095853805542,0.01275570411235094,2.588026762008667,0.0002684453211259097,5.148897647857666,0.013314912095665932
20,2.588538646697998,0.0002991850778926164,5.1509575843811035,0.01275570597499609,2.5880274772644043,0.000268444768153131,5.148897647857666,0.013314876705408096
21,2.588538646697998,0.0002991851943079382,5.15095853805542,0.01275570783764124,2.588029146194458,0.0002684453793335706,5.148905277252197,0.013314878568053246
22,2.588538885116577,0.00029918551445007324,5.150956153869629,0.012755706906318665,2.5880281925201416,0.0002684449718799442,5.14890193939209,0.013314876705408096
23,2.5885396003723145,0.0002991853398270905,5.1509575843811035,0.012755706906318665,2.588028907775879,0.00026844514650292695,5.14890193939209,0.013314871117472649
24,2.5885393619537354,0.0002991854853462428,5.150956630706787,0.012755706906318665,2.5880308151245117,0.00026844514650292695,5.148907661437988,0.013314872980117798
25,2.588538408279419,0.0002991851943079382,5.150958061218262,0.01275570597499609,2.588033437728882,0.0002684451173990965,5.148907661437988,0.013314876705408096
26,2.588538408279419,0.0002991850778926164,5.150954723358154,0.012755711562931538,2.5880308151245117,0.00026844587409868836,5.1489081382751465,0.013314876705408096
27,2.588538885116577,0.0002991852816194296,5.1509528160095215,0.012755705043673515,2.5880286693573,0.00026844514650292695,5.148899078369141,0.013314890675246716
28,2.588538885116577,0.00029918536893092096,5.150954723358154,0.01275570783764124,2.5880286693573,0.0002684451173990965,5.148900032043457,0.013314880430698395
29,2.588538885116577,0.0002991853398270905,5.150954723358154,0.012755706906318665,2.588028907775879,0.00026844514650292695,5.148903846740723,0.013314890675246716
30,2.588538408279419,0.00029918516520410776,5.1509552001953125,0.012755705043673515,2.588026523590088,0.00026844514650292695,5.148899078369141,0.013314883224666119
31,2.5885403156280518,0.0002991851943079382,5.150953769683838,0.01275570597499609,2.5880258083343506,0.0002684449718799442,5.148899078369141,0.013314880430698395
32,2.588538885116577,0.0002991853980347514,5.150954723358154,0.01275570411235094,2.588027238845825,0.00026844453532248735,5.148897647857666,0.013314894400537014
33,2.588538646697998,0.0002991851361002773,5.150956630706787,0.012755706906318665,2.5880305767059326,0.0002684449718799442,5.1489057540893555,0.013314874842762947
34,2.588538408279419,0.0002991851943079382,5.150954723358154,0.01275570411235094,2.588029384613037,0.00026844601961784065,5.148903846740723,0.013314885087311268
35,2.588538646697998,0.0002991853980347514,5.150957107543945,0.01275570783764124,2.588026285171509,0.0002684448263607919,5.148899555206299,0.013314884155988693
36,2.5885393619537354,0.0002991853398270905,5.150954246520996,0.012755706906318665,2.588024854660034,0.0002684450300876051,5.1488938331604,0.013314880430698395
37,2.5885393619537354,0.00029918510699644685,5.150955677032471,0.012755706906318665,2.5880258083343506,0.00026844453532248735,5.148894786834717,0.01331486739218235
38,2.588538646697998,0.000299184990581125,5.150954723358154,0.01275570411235094,2.588026285171509,0.00026844546664506197,5.148899555206299,0.013314878568053246
39,2.5885393619537354,0.0002991857472807169,5.150956153869629,0.012755706906318665,2.5880286693573,0.0002684454957488924,5.148898124694824,0.013314878568053246
40,2.5885391235351562,0.00029918516520410776,5.150954723358154,0.012755706906318665,2.5880258083343506,0.00026844529202207923,5.148899555206299,0.013314870186150074
41,2.5885391235351562,0.00029918542713858187,5.150956153869629,0.012755708768963814,2.588026762008667,0.0002684453793335706,5.148897647857666,0.013314876705408096
42,2.5885379314422607,0.00029918545624241233,5.150957107543945,0.012755705043673515,2.5880281925201416,0.00026844567037187517,5.148901462554932,0.01331490371376276
43,2.588538408279419,0.00029918536893092096,5.15095853805542,0.012755708768963814,2.5880284309387207,0.00026844575768336654,5.148898124694824,0.013314866460859776
44,2.5885372161865234,0.0002991853398270905,5.15095853805542,0.012755708768963814,2.5880281925201416,0.0002684455830603838,5.148901462554932,0.013314872980117798
45,2.588538885116577,0.0002991855435539037,5.150959491729736,0.01275570597499609,2.5880284309387207,0.0002684456994757056,5.14890193939209,0.013314872048795223
46,2.588538885116577,0.0002991855435539037,5.150957107543945,0.01275570597499609,2.5880284309387207,0.00026844555395655334,5.148898601531982,0.013314874842762947
47,2.5885400772094727,0.00029918531072326005,5.150957107543945,0.012755705043673515,2.5880303382873535,0.00026844540843740106,5.148905277252197,0.013314871117472649
48,2.588538885116577,0.00029918536893092096,5.15095853805542,0.01275570411235094,2.588031053543091,0.0002684455248527229,5.148907661437988,0.013314897194504738
49,2.588538646697998,0.0002991853398270905,5.150958061218262,0.01275570411235094,2.5880329608917236,0.00026844488456845284,5.148909091949463,0.013314901851117611
