,loss,duration_loss,pitch_loss,step_loss
0,18.56309700012207,0.0009304407867603004,37.09266662597656,0.01583648845553398
1,7.806025505065918,0.0007757106213830411,15.591745376586914,0.009377392008900642
2,1.936365008354187,0.0007765691261738539,3.8524842262268066,0.009346324019134045
3,1.4726948738098145,0.0007778262952342629,2.9251253604888916,0.009355337359011173
4,1.4727298021316528,0.0007782846223562956,2.925184726715088,0.009358991868793964
5,1.472762942314148,0.0007784799672663212,2.9252474308013916,0.009361067786812782
6,1.4727953672409058,0.000778571586124599,2.925309658050537,0.009362436830997467
7,1.4728262424468994,0.0007786208298057318,2.925368070602417,0.009363397024571896
8,1.4728537797927856,0.0007786473724991083,2.9254236221313477,0.009364097379148006
9,1.472879409790039,0.0007786643109284341,2.925471544265747,0.009364627301692963
10,1.4729022979736328,0.0007786728674545884,2.9255175590515137,0.009365039877593517
11,1.4729254245758057,0.0007786792702972889,2.9255621433258057,0.009365372359752655
12,1.4729487895965576,0.0007786827045492828,2.9256081581115723,0.009365642443299294
13,1.472973108291626,0.0007786854985170066,2.92565655708313,0.009365875273942947
14,1.473002314567566,0.0007786870119161904,2.925715684890747,0.009366070851683617
15,1.47303307056427,0.0007786891655996442,2.9257755279541016,0.009366246871650219
16,1.4730663299560547,0.0007786901551298797,2.925842523574829,0.009366399608552456
17,1.473103404045105,0.0007786907954141498,2.925917387008667,0.009366539306938648
18,1.4731402397155762,0.0007786904461681843,2.925987720489502,0.00936665665358305
19,1.473173975944519,0.0007786894566379488,2.9260566234588623,0.00936676375567913
20,1.4732073545455933,0.000778690620791167,2.9261255264282227,0.009366857819259167
21,1.4732393026351929,0.0007786905625835061,2.9261865615844727,0.009366934187710285
22,1.4732657670974731,0.0007786916103214025,2.926239252090454,0.009366998448967934
23,1.4732908010482788,0.0007786923088133335,2.9262890815734863,0.009367053396999836
24,1.4733091592788696,0.0007786927744746208,2.926327705383301,0.00936710275709629
25,1.4733253717422485,0.0007786921923980117,2.926358461380005,0.009367134422063828
26,1.473338007926941,0.000778691319283098,2.9263856410980225,0.009367164224386215
27,1.4733498096466064,0.0007786916103214025,2.9264070987701416,0.009367188438773155
28,1.4733587503433228,0.0007786932401359081,2.926424741744995,0.009367205202579498
29,1.4733651876449585,0.0007786928326822817,2.926438570022583,0.009367220103740692
30,1.4733704328536987,0.0007786942878738046,2.926449775695801,0.009367232210934162
31,1.4733754396438599,0.0007786925998516381,2.9264581203460693,0.009367242455482483
32,1.4733781814575195,0.0007786944042891264,2.926464080810547,0.009367248974740505
33,1.473381519317627,0.0007786941714584827,2.9264705181121826,0.009367252700030804
34,1.4733837842941284,0.0007786938222125173,2.926476240158081,0.009367258287966251
35,1.4733860492706299,0.0007786956848576665,2.926478147506714,0.009367262944579124
36,1.4733861684799194,0.0007786948699504137,2.926480770111084,0.009367261081933975
37,1.473387598991394,0.0007786942296661437,2.9264848232269287,0.009367259219288826
38,1.4733883142471313,0.0007786935893818736,2.9264862537384033,0.009367262944579124
39,1.4733892679214478,0.0007786958594806492,2.9264867305755615,0.009367268532514572
40,1.4733892679214478,0.0007786941714584827,2.9264872074127197,0.009367268532514572
41,1.4733898639678955,0.0007786935311742127,2.926488161087036,0.009367265738546848
42,1.4733902215957642,0.0007786936475895345,2.9264883995056152,0.009367265738546848
43,1.4733904600143433,0.0007786963833495975,2.926487922668457,0.009367270395159721
44,1.4733905792236328,0.0007786942296661437,2.926488161087036,0.009367266669869423
45,1.4733906984329224,0.0007786959176883101,2.926487684249878,0.009367264807224274
46,1.4733906984329224,0.0007786951027810574,2.926488161087036,0.009367266669869423
47,1.4733912944793701,0.000778692658059299,2.9264893531799316,0.009367264807224274
48,1.473391056060791,0.0007786951609887183,2.9264886379241943,0.009367273189127445
49,1.473391056060791,0.0007786947535350919,2.9264895915985107,0.009367268532514572
